31460600520004186233728377566560547439662323327056799798273633608809387915097795302127442662575278141917772998772071405046920277929414032077175174304678360233383662308397729524031844742437708843394962386093999254120046721726230272044754962549921243019550057028793306148552290978520825789072893567367883918171
91481129618776718819336001713356976220083545592404202185527669487880510762740702325847360382581066513566971718511328656219859789680769007473260934172207625523034670121608539258726826816303147925221057280611778687340029338464238937391466692141037881986126374333365907933581732124468322499487466299143913161237

31460600520004186233728377566560547439662323327056799798273633608809387915097795302127442662575278141917772998772071405046920277929414032077175174304678360233383662308397729524031844742437708843394962386093999254120046721726230272044754962549921243019550057028793306148552290978520825789072893567367883918171
91481129618776718819336001713356976220083545592404202185527669487880510762740702325847360382581066513566971718511328656219859789680769007473260934172207625523034670121608539258726826816303147925221057280611778687340029338464238937391466692141037881986126374333365907933581732124468322499487466299143913161237

30036822413571381144797484124062374500527280896345135604713352150670707236901400633979118815465948565679281326987020677517207681437223318943570364144909695495209300919652227414051815748982849993783234598483275933860745541527607376620556916208420372993146099175779610897015623544841248195089280263586677083749
136134639726409853180677119958220332452458126553278096005039237217339554430436653807309697182317879077638106444886291264288245000633368931516261085309583974866238866240255066436774692653814520937801023866141243660950817962254439299576925011363859269861269296944434891471785731934901388887964065165701456788303

31460600520004186233728377566560547439662323327056799798273633608809387915097795302127442662575278141917772998772071405046920277929414032077175174304678360233383662308397729524031844742437708843394962386093999254120046721726230272044754962549921243019550057028793306148552290978520825789072893567367883918171
91481129618776718819336001713356976220083545592404202185527669487880510762740702325847360382581066513566971718511328656219859789680769007473260934172207625523034670121608539258726826816303147925221057280611778687340029338464238937391466692141037881986126374333365907933581732124468322499487466299143913161237

30036822413571381144797484124062374500527280896345135604713352150670707236901400633979118815465948565679281326987020677517207681437223318943570364144909695495209300919652227414051815748982849993783234598483275933860745541527607376620556916208420372993146099175779610897015623544841248195089280263586677083749
136134639726409853180677119958220332452458126553278096005039237217339554430436653807309697182317879077638106444886291264288245000633368931516261085309583974866238866240255066436774692653814520937801023866141243660950817962254439299576925011363859269861269296944434891471785731934901388887964065165701456788303

34353788558559782732754913576604829618232546859933221138214629852787476856055590975325314279083522704328575937042287160898228213088108090392519251593498626640997655766896697425997227207244622447870910148889055917785935754784788156569275169621084000384363305931782388643121135570800383528546681734075173049823
79220137845631323759164635761829158866229115503294953495914087198627691194482110012880013071019972137982176451425550561463223174627903832616970051978402396093036216807655561662885908667842591214728097007975782301921566569096251442270140464578322247970884558791755180702836971602165346503714014489915368574211

